[gd_scene load_steps=3 format=3 uid="uid://dn1ptl6yxj2nf"]

[ext_resource type="PackedScene" uid="uid://cjwbkcp0l1vl0" path="res://scenes/prefabs/level/shelves/right_corner_shelf.tscn" id="1_ap4dd"]
[ext_resource type="PackedScene" uid="uid://dp1yigcb73ccv" path="res://scenes/prefabs/level/merchandise/jug.tscn" id="2_kp3dd"]

[node name="JugCornerShelf" type="Node3D"]

[node name="RightCornerShelf" parent="." instance=ExtResource("1_ap4dd")]

[node name="Jug" parent="." instance=ExtResource("2_kp3dd")]
transform = Transform3D(0.965926, -1.13133e-08, -0.258819, -0.258819, -4.2222e-08, -0.965926, 0, 1, -4.37114e-08, 0, 0.213761, 0.115287)

[node name="Jug2" parent="." instance=ExtResource("2_kp3dd")]
transform = Transform3D(0.965926, -1.13133e-08, -0.258819, -0.258819, -4.2222e-08, -0.965926, 0, 1, -4.37114e-08, 0, 0.213761, -0.436942)

[node name="Jug3" parent="." instance=ExtResource("2_kp3dd")]
transform = Transform3D(0.965926, -1.13133e-08, -0.258819, -0.258819, -4.2222e-08, -0.965926, 0, 1, -4.37114e-08, 0, 0.645087, -0.119983)

[node name="Jug4" parent="." instance=ExtResource("2_kp3dd")]
transform = Transform3D(0.965926, -1.13133e-08, -0.258819, -0.258819, -4.2222e-08, -0.965926, 0, 1, -4.37114e-08, 0, 1.4816, -0.489224)

[node name="Jug5" parent="." instance=ExtResource("2_kp3dd")]
transform = Transform3D(0.965926, -1.13133e-08, -0.258819, -0.258819, -4.2222e-08, -0.965926, 0, 1, -4.37114e-08, 0, 1.4816, 0.0270609)

[node name="Jug6" parent="." instance=ExtResource("2_kp3dd")]
transform = Transform3D(0.965926, -1.13133e-08, -0.258819, -0.258819, -4.2222e-08, -0.965926, 0, 1, -4.37114e-08, 0, 1.05354, -0.201673)

[node name="Jug7" parent="." instance=ExtResource("2_kp3dd")]
transform = Transform3D(1, -1.13133e-08, 0, 1.13133e-08, 1, -1.48943e-09, 1.68504e-17, 1.48943e-09, 1, 0, 1.74955, -0.342181)

[node name="Jug8" parent="." instance=ExtResource("2_kp3dd")]
transform = Transform3D(1, -1.13133e-08, 0, 1.13133e-08, 1, -1.48943e-09, 1.68504e-17, 1.48943e-09, 1, 0, 1.74955, 0.0172579)

[node name="Jug9" parent="." instance=ExtResource("2_kp3dd")]
transform = Transform3D(1, -1.13133e-08, 0, 1.13133e-08, 1, -1.48943e-09, 1.68504e-17, 1.48943e-09, 1, 0, 1.74955, 0.376697)
